"Year_Month" "Barcelos" "Benjamin Constant" "Coari" "Codajás" "Eirunepé" "Fonte Boa" "Iaurete" "Itacoatiara" "Lábrea" "Manaus" "Manicoré" "Parintins" "SGC" "Tefé"
"1" "2000_01" 275.1 201.4 321.5 395.3 328.6 119.1 135.3 223 194.1 350.2 281.8 408.3 290.2 404.2
"2" "2000_02" 121.3 206 235.9 203.8 331.8 188 362.5 465.4 205.1 344.4 237.8 412.3 215 155.4
"3" "2000_03" 236.5 236.8 268.9 494.3 293.2 414.5 428.1 452.8 229.1 340.7 414 505.9 384.5 332.4
"4" "2000_04" 406.1 295.2 265 339.2 242.6 365.5 466.6 302.6 287.5 535.4 345.6 370 265.4 261.4
"5" "2000_05" 370 392.2 305.5 240.8 152.2 213.6 596.4 388.3 128.4 172.6 162.2 411.4 470.1 287.1
"6" "2000_06" 179.9 118.8 129.1 134 81.2 203.5 312.7 152.8 52.7 48.2 116.7 184.8 475.6 107.5
"7" "2000_07" 308.8 132.4 169.9 124.4 165 175 331.2 80.8 31.8 115.8 104 136.1 192.9 135.9
"8" "2000_08" 65.1 57.4 48.6 131.4 158.2 156.2 328.8 33.3 44.4 65 103.4 83.9 167.9 76.8
"9" "2000_09" 130.9 215.4 145.5 201.7 98.8 153.6 157.2 169.3 206.9 218.1 209.6 74.9 181 260.3
"10" "2000_10" 149.8 204.2 79.5 180.3 418.8 91.6 306.7 65 334.4 47.2 170.8 95 300.3 237.3
"11" "2000_11" 108.8 191.6 323.1 241.4 185.4 184.1 193.3 96 226.5 169.7 267.5 24.2 124.3 225.5
"12" "2000_12" 62.8 195 243.5 267.1 241 226.9 403.3 194.7 265.3 192.3 196.3 43.6 263.1 264.3
"13" "2001_01" 168.3 575.6 301.6 451.2 802 381.1 293.6 526.8 459.2 348.4 416.6 517.9 214.6 483.6
"14" "2001_02" 103 360.2 184.4 324.4 224.8 271.4 208.1 190.8 452.9 219.5 368.7 480.8 179.5 202.3
"15" "2001_03" 339.4 379 238.6 282.5 364.2 220.8 253.4 343.6 333.2 227.4 236.5 453.2 267.1 334
"16" "2001_04" 338.6 373.4 116.7 276.3 326.6 212.7 260.5 281.4 246.5 177.6 230.5 402.6 285.5 320.6
"17" "2001_05" 237.2 296.2 153.6 252.3 189 319.4 450.8 95.6 175.3 231.6 217.7 294.4 295.2 224
"18" "2001_06" 301.5 137.4 120.6 239.4 94.4 221.1 512 229.9 23.1 164.1 175.4 224.3 220.4 134.7
"19" "2001_07" 158.7 128.8 93.2 197 54.4 148.8 393.3 126 111.2 30.6 82.5 119.5 190.6 121.3
"20" "2001_08" 100.4 52.8 39.4 51.5 59.8 85.3 263.4 86 29.8 14.9 12.4 89.3 201.7 90
"21" "2001_09" 151.3 115.3 136.4 198 190.8 125.1 142.4 123.9 130.4 88.2 59.9 67 284.7 139.1
"22" "2001_10" 44.3 200.6 201.8 88.4 112 142.2 171.1 48.8 133.2 187.9 149.3 125.9 82.4 168.8
"23" "2001_11" 65.7 148.9 187.4 188 250.6 84.7 222 109.8 214.3 113.6 212.7 11.4 67 154.2
"24" "2001_12" 139.8 281.9 418.1 352.4 453.6 342.6 230.7 85.9 218.1 214.2 450.6 103.4 325.4 303.1
"25" "2002_01" 90.2 339.4 227 323.7 311 137.8 232.9 156.2 193.6 379.6 430.9 294 249.5 102.2
"26" "2002_02" 81.1 266.2 360.4 410 331.8 230.4 238.5 319.4 513.8 239.9 504.9 415 186.9 318.8
"27" "2002_03" 295.1 281.8 403.7 353.2 211.6 152.8 332.4 383.8 437.6 195.3 375.6 335.9 200.6 225
"28" "2002_04" 317.8 312.6 344.9 335.4 448.2 205.1 666.2 412.1 204.3 376.7 260 523.7 397.7 401.4
"29" "2002_05" 446.2 270.4 258.9 372.8 100.4 527.3 476.5 269.9 182.6 263.9 147 329.2 399.9 473.8
"30" "2002_06" 427.9 66.6 183.2 168.4 82.4 177.3 566.7 107.2 7.2 159.1 154 240.6 352.5 159.6
"31" "2002_07" 136.6 323 134.5 131 61.6 294.1 429.4 88.3 18.5 3.4 37.6 44.9 264.6 167.5
"32" "2002_08" 104.9 109.8 60.2 106.8 95.4 158.6 361 108.6 76.2 35.4 47.1 68.9 362.4 135
"33" "2002_09" 136.1 119.6 118.5 123.8 127.2 140.1 183.7 23 129.7 60.1 119.6 4 161.7 90.6
"34" "2002_10" 156.7 212.8 203.3 134.4 266 209 346.6 81.9 116.6 216.1 205.7 17.4 279.7 156.2
"35" "2002_11" 120.1 223.6 167.3 222.8 227.2 204.1 306.8 52 238.2 81.2 105.1 20.2 268.9 218.9
"36" "2002_12" 100.2 419.6 287.9 427.2 510.4 282 458.7 372.5 387.7 321.2 282.2 177.9 309.4 176.2
"37" "2003_01" 57.5 171.4 107.6 158.7 280.2 100.7 175.8 209.3 243.6 99.8 197.4 257.9 194.1 166.2
"38" "2003_02" 104.2 445 175.3 274.2 504.4 163.1 391 305.7 245.6 360.5 305.8 429.7 315.3 265.6
"39" "2003_03" 179.9 341.6 247.2 437.9 203.4 205.7 248.2 379.7 637.2 190.6 432.6 285.7 151.1 235.6
"40" "2003_04" 397.5 308.9 188.5 183.6 472.4 206.1 380 332.6 289.7 389.1 287.8 582.8 269.6 426.4
"41" "2003_05" 334.2 133 371.5 318.7 139.2 390.7 659.8 271.6 233.6 219.6 183.6 211.2 339.5 348.8
"42" "2003_06" 285.7 249.2 159.6 216.1 179 199.5 425.9 149.7 129.6 110.7 115.2 169.3 343.8 217.9
"43" "2003_07" 230.8 21.2 40.3 150.4 55 198 361.6 64 17.2 93 13.5 170.7 258.4 90.1
"44" "2003_08" 291 206.7 129.7 153.5 70.6 107.2 158.4 75.1 0 123.7 68.5 34.2 126.1 93.6
"45" "2003_09" 121 146.4 23.5 50.2 184.2 96.5 288.6 118.6 159.4 55.5 39.8 61.6 237.2 42.1
"46" "2003_10" 81.7 247.2 176.7 276.3 131 109.8 349.1 7.4 260.5 96.9 176.9 33.8 152.7 92.6
"47" "2003_11" 135.9 332.2 113.7 58.4 518.2 71.6 180.3 67.5 145.3 119.6 213.9 0 248.4 115.9
"48" "2003_12" 42.9 234 136.5 135.8 251.2 95.9 0 154.2 305.1 89.4 128.9 0 162.4 243.6
"49" "2004_01" 94.4 0 0 252.8 0 268.6 0 215.2 118.4 187.6 196.4 0 219.8 0
"50" "2004_02" 215 264.6 126 419.4 306.4 240.2 168.4 309.7 412.7 150.6 206.1 0 471.7 230.2
"51" "2004_03" 339.8 517.6 297.9 366.8 546.6 319.6 293.9 546.1 319 424.8 270.5 0 361 361.2
"52" "2004_04" 442 170.8 219.1 322 202.2 176.5 250.5 247.7 234.2 227.2 177.8 0 185.8 308.7
"53" "2004_05" 281.2 116.2 218.2 195.3 140.2 176.2 486.3 387.9 91.1 372.4 106.9 0 288 245.4
"54" "2004_06" 238.8 203.6 97 181.7 130.6 173.4 312.4 134.6 14 97.2 84.3 0 162.1 148.7
"55" "2004_07" 317.6 177.2 1 184.9 93.6 205.5 221.1 39.5 0 59.6 112.4 0 270.9 97.5
"56" "2004_08" 186.9 173.6 122.2 62.9 157 105.1 311.8 108.3 87.2 141.3 102.2 0 248.1 73.8
"57" "2004_09" 49.8 162 80.1 220.2 92 119.9 222.1 119.7 36.2 112 124.1 0 150.3 174.6
"58" "2004_10" 69.7 163 159.4 248.1 275.2 197.5 300.1 91.1 0 66 120.4 0 197.2 185.3
"59" "2004_11" 76.3 149.7 253.9 135.5 121.6 142.9 221.8 48.9 100.5 13.3 139.9 0 92.4 171.5
"60" "2004_12" 91.1 0 219.1 350.7 128.2 141.1 135.3 206.2 144 140 222 0 171 100.7
"61" "2005_01" 194.2 354 151.6 162.4 122 107.7 172.4 122.4 215.9 165.7 193.7 0 210.7 128.7
"62" "2005_02" 306 276 304.7 512.9 121.2 352.8 361.1 306.5 237.6 332.9 201.4 0 219.4 335
"63" "2005_03" 296.5 407 400.8 553.5 199.8 412.8 493.4 414 175.6 414.4 298 0 266.7 444.4
"64" "2005_04" 415 322.6 264.7 390.9 148.8 362.1 463.1 284.9 222.4 406 138.1 0 319.5 271.8
"65" "2005_05" 364.7 200.6 314.6 132.4 78.8 299.2 441.1 160.5 60.8 224.3 250.1 0 301.5 209
"66" "2005_06" 330.8 35 59.9 78.9 0 70.8 225.8 109.5 8.8 53.5 0 0 245.1 198.5
"67" "2005_07" 170.2 15.6 17.7 65.7 0 110.9 235.8 90.7 13.5 52.4 64.2 19.2 127 26
"68" "2005_08" 86.8 53.4 29.3 88 64.4 143.8 328.7 1.4 14.3 13.5 28.8 25.6 253.8 91.4
"69" "2005_09" 144 44.6 103.1 115.6 38.8 66 157.7 37.6 109.4 45.9 47.9 26.1 264.6 208.2
"70" "2005_10" 125.4 387 118.5 133.3 58 206.8 0 56.1 104.9 71.1 161.7 9.1 182.6 159.1
"71" "2005_11" 156.2 259.8 159.4 128 82.8 169.4 177 105.4 350.2 211.6 176.4 186 283.3 116.9
"72" "2005_12" 352.2 285.9 274 298.3 97.6 310 267.3 244.5 439.2 291.8 226.3 462.8 431.9 297.7
"73" "2006_01" 276.7 494.4 229.8 262.2 173.6 265.6 469.6 270.9 181.1 176.3 345.7 162.2 466.2 428.2
"74" "2006_02" 230.6 320 394.2 355.9 127.6 215 145.1 443.5 293.5 347.6 256.2 455.4 240.4 271.7
"75" "2006_03" 265.2 401 296.2 339.8 203.8 211.2 329.6 490.1 358.4 264.6 478 381.5 305.9 234.1
"76" "2006_04" 181.7 327.6 323 403 154 312.5 300.9 366.5 289 221.6 287.2 446.7 321.2 258.9
"77" "2006_05" 341.4 221.8 210.4 465.7 37.4 297.1 357.1 322.2 144.2 382.1 273.8 301.2 476.9 276.6
"78" "2006_06" 318.5 79 112.4 72.7 63.9 157.7 164.4 141.4 47.3 87 77.2 106 206.9 152.9
"79" "2006_07" 196.3 92 109.4 76.9 28.6 196.9 318.1 48.2 30.9 71.6 118.3 235.6 344.6 68.3
"80" "2006_08" 48.5 109 87.6 112 33.2 166.3 227 0 85.3 16.7 86.6 54.9 127.8 129.7
"81" "2006_09" 109.4 63 100.6 124.9 33 164.2 190.7 0 45.2 32.8 35.9 24.9 160.5 160.3
"82" "2006_10" 89.7 50.2 85.6 101.7 94.4 260.4 0 0 173.5 66 183.2 58.7 309.4 131.6
"83" "2006_11" 99.3 168.3 417.9 371.1 100.2 355.1 140.7 102 215.9 294 202.6 223.5 187.6 309.6
"84" "2006_12" 92.5 523.2 195.8 483.8 162.6 285 212.4 156.4 199.6 317.4 289.4 101.2 148 250.6
"85" "2007_01" 87.3 480.2 300.4 324.9 177.4 228.9 328.1 560.8 446.3 414.4 240.5 261.7 268.4 311.8
"86" "2007_02" 63.1 159 144.7 99 52.2 37.6 132.4 122.4 137.1 137.7 154.9 275.7 25.5 70.9
"87" "2007_03" 321.7 288.8 467.3 361.6 161.2 257.4 270 365.6 214.1 337.6 333.6 426.6 173.6 171
"88" "2007_04" 301 333.3 345.2 383.4 124.4 394.1 319.4 349.3 231.1 347.7 328 524.8 418.3 253.8
"89" "2007_05" 293.7 171.8 135.3 302.7 115.4 287.7 353.2 214.4 210.8 159.1 266.2 354.4 369 172.4
"90" "2007_06" 225.5 208.8 62.9 91.4 56.8 185.2 404.6 125.5 24.9 100.2 45.8 100.3 248.4 136.7
"91" "2007_07" 178.7 58.8 76.5 145.7 25.4 195.5 496 137.7 22 126.3 62.6 153.1 211.3 299.3
"92" "2007_08" 118.1 23.8 111.4 100.7 3.6 90 253 77 22.2 128.9 123.6 85.1 225.3 99.5
"93" "2007_09" 112.1 179.8 62.1 86.9 69 139.4 301.4 78.5 39.6 71.7 53.2 42.7 95.9 84.1
"94" "2007_10" 62.4 431 165.1 155.6 144.8 205.2 0 68.7 227.5 48.9 164.8 166.1 198.3 138.9
"95" "2007_11" 174.9 420.4 221.1 125.5 109.6 216.9 324.1 129.7 220.8 205.8 306 117.7 179 160.5
"96" "2007_12" 377.7 388.6 316.2 301.7 235.2 274 351.4 249.5 220.9 340.9 308.4 124.9 304.9 252.7
"97" "2008_01" 205.6 403.4 266.2 359.5 306 380.5 187.4 412.7 423.5 399.2 408.2 637 383.3 184.5
"98" "2008_02" 199.8 300.4 437.3 416.6 356.2 332.3 281.8 299.9 165.6 284 458 180.6 247.2 224
"99" "2008_03" 198.3 309.2 221.5 347.9 192.4 308.6 206.9 328.5 189.8 553 307.6 358.2 268.4 239
"100" "2008_04" 398.7 191 335.2 298.8 220.4 325.6 365.7 355.7 201.8 347.4 171.4 192 119.3 174.4
"101" "2008_05" 441 220.6 142.7 365.4 269 327.8 416.3 239 107 262.1 284.8 344.9 334.9 264.6
"102" "2008_06" 216.3 118.2 99.8 182.2 30.6 211.1 366.4 235.3 21 202.7 42.6 277.8 242.7 120.9
"103" "2008_07" 236.8 109.2 23.5 56.7 74.4 147.1 426.6 113.7 14.2 80.2 7.4 100.9 264 145.7
"104" "2008_08" 67.2 147.6 46.8 91 151.8 185.5 129.2 80.4 21.2 58.4 48.4 80 176.3 74.2
"105" "2008_09" 92.2 237.8 97.4 152 247.8 136.1 204.8 216.5 119.8 56 169.8 116.6 221.9 162.8
"106" "2008_10" 159.9 256 80.6 187.3 249.8 232 297.1 225.4 227.6 162.2 250.4 82.1 191 243.9
"107" "2008_11" 105.1 396.4 81.8 247.8 377.8 139.1 224.7 282.2 362.6 280.8 200.8 110.8 298.4 139.9
"108" "2008_12" 387.8 245.8 349.9 391.6 339.6 316.5 0 229.5 378.6 458.1 303.6 212.6 340.2 181
"109" "2009_01" 177.6 611.4 425.6 393 447.6 409.7 332.2 348.3 431.7 331.4 466.8 222.8 396 407.5
"110" "2009_02" 229 409.4 293.6 492.7 458.2 183.6 69.7 511.9 290.8 437.7 464.6 331.695 308.8 418.4
"111" "2009_03" 354.2 570.8 568.1 319 305.4 313.5 331.9 429.1 293.4 232.1 343.4 446.5 298.8 347.3
"112" "2009_04" 376.8 231.4 331 445.2 409.4 234.8 246.9 181.4 287.5 227.4 432.2 337.3 252.9 273.2
"113" "2009_05" 199 225.2 143.3 386.6 176 464 327.3 398.8 47.4 108.7 251.8 301.4 302.1 262
"114" "2009_06" 0 228.9 235.1 292 102 280.9 451.7 205 74.6 165.8 202.2 128.8 391.7 139
"115" "2009_07" 219.5 2.8 111.3 34.2 112.2 302 304.2 86.6 27.4 25.1 55.6 174.8 147.9 68.9
"116" "2009_08" 200.3 117.6 63.9 51.3 69.4 111 256.5 23.9 17.9 5.4 135 21.7 225.7 167.9
"117" "2009_09" 72.5 108.8 56.2 69.3 65.8 146.4 109.7 1.4 72.6 4.2 29.8 22.7 150.5 0
"118" "2009_10" 105.6 210 228.6 82.1 201.4 119.4 199 60.5 77.6 55 220.6 140.9 271.7 266.9
"119" "2009_11" 218.2 258.2 216.1 170.9 181.8 74.8 0 42 133 103.3 196.2 1.2 133.7 97
"120" "2009_12" 84.6 252.2 300.6 519.3 528.8 138.8 52.1 344.9 308.7 262.4 435.2 199.3 91.5 213.5
"121" "2010_01" 61.8 461.4 266 337.9 305.6 288.9 220.3 162.1 338.8 295.8 458.2 209.3 294.1 234.5
"122" "2010_02" 150.7 301.6 173.8 186.5 426.4 178.5 182.1 172.6 241.1 352.5 393.4 141.5 253.4 180.5
"123" "2010_03" 152.7 323.6 422.7 426.8 291.4 203.5 369.2 161.2 208.4 206.4 300.2 158.9 230.2 203.8
"124" "2010_04" 513 231.2 365.7 499 204.6 264.3 209.6 391.5 172.1 303.4 379.2 513.9 356.6 382.9
"125" "2010_05" 233 110.4 187.2 247.6 402.2 333.9 238.8 213.9 150 165.1 126.2 235 368.5 226.9
"126" "2010_06" 157.3 302.6 115.7 223.7 106.6 249.7 310.1 147.5 44 119.1 139.4 139.7 324.3 167.7
"127" "2010_07" 147.8 98 70.2 135.1 36.6 225.2 280.8 116.1 8.4 100.6 43.8 154.4 151.9 139
"128" "2010_08" 85.1 94.2 30.3 22.8 25.2 81.1 232.4 50.8 5.8 54.8 17.2 71.2 86.1 50.5
"129" "2010_09" 62 109.8 70.2 164.4 114.4 42.7 163.8 29.1 70.4 26.6 104 43.3 165.9 50.2
"130" "2010_10" 132.1 129.8 76.7 112.5 232.8 179.6 0 43.2 121.1 116.9 161.2 45 176.8 130.5
"131" "2010_11" 236.3 411.6 108.1 250.9 354.8 119.9 159.5 86.3 110.5 140.6 224.6 111.8 328.4 171.9
"132" "2010_12" 147.2 243.8 306.6 557.1 226.4 167.9 282.7 361.3 185.6 300.5 132.6 234 223.7 304.8
"133" "2011_01" 153.1 281.8 294 473.6 312.2 210.4 188 418.7 335.9 248.1 458 271.7 459.8 281.4
"134" "2011_02" 313.2 278.6 302.4 410.9 259.2 192.6 218.9 407 263.8 461.6 388.4 475.1 244.9 228.2
"135" "2011_03" 261.1 306.8 205 327.9 361 262.6 277.5 587.6 352.7 323.3 154.8 371.1 274.8 243.1
"136" "2011_04" 270.8 327.4 378.2 391.9 511.6 439.8 296.5 501.7 178.8 515.9 462 507.9 0 300.3
"137" "2011_05" 443.2 264.4 162.8 189.1 200.8 448.6 465.9 512.7 165.3 222.4 232.8 320.9 474.2 308.8
"138" "2011_06" 227.9 197.8 50 142.8 88.8 150.5 401.1 132.7 40.9 121.3 42.4 132.2 191.6 197.2
"139" "2011_07" 242.9 160.2 29.6 57.7 134.4 102 233.2 88.9 30.3 20.2 32 114.2 119.3 70.9
"140" "2011_08" 114 74.8 0.4 80.5 65.4 29.5 150 150.3 32.5 64.3 93 58.7 118.1 52.5
"141" "2011_09" 123.1 114.2 111.8 113.7 132.2 176.1 214.1 53.9 178.9 41.5 151 30.7 192.6 0
"142" "2011_10" 87.5 130 183.2 246.2 271.8 192.1 171.1 220.4 107.1 265.5 313 96.7 209.8 181.7
"143" "2011_11" 76.8 303.6 211.7 310.2 193.6 211.9 90.2 151.5 96.7 272.8 324.8 57 156.3 275.4
"144" "2011_12" 147.6 197 172.8 239.5 369 257.7 503.6 211.3 214.4 199.7 277.6 335.9 266.5 144
