"Year_Month" "Barcelos" "Benjamin Constant" "Coari" "Codajás" "Eirunepé" "Fonte Boa" "Iaurete" "Itacoatiara" "Lábrea" "Manaus" "Manicoré" "Parintins" "SGC" "Tefé"
"1" "2000_01" 28.1 25.45 29 27.3 27 26.7 26.3 25.3 26.9 25.7 25.3 26 27.5 28.2
"2" "2000_02" 27 26.1 26.1 27.9 28.2 28.9 27.2 26.3 25 25.5 27.9 28.8 28.85 26.8
"3" "2000_03" 25.1 26.65 28.4 27.8 25.4 29.4 25.3 26.4 24.8 28.6 28.2 27.05 28.6 28.2
"4" "2000_04" 28.3 24.5 23.5 27.5 27.2 27.5 27.6 24.9 27.3 25.6 26.4 26.55 25.4 26.9
"5" "2000_05" 25.5 28.6 26.5 27.8 28.8 28.1 27.4 28.4 27.6 27.4 28.8 26.75 28.05 28.7
"6" "2000_06" 25.7 26.4 28.9 26.5 27.6 27.2 25.8 27.3 28.6 28 28.7 26.25 26.3 27.2
"7" "2000_07" 27.3 26.9 27.5 27.5 27.8 26.2 26.6 28.9 27.4 29.3 27.5 29.05 25.6 25
"8" "2000_08" 26.5 28.75 27.6 26.4 25.7 27.6 25.3 27.6 27.1 25.8 27.1 27.9 27.35 27.1
"9" "2000_09" 29.4 30.3 31.7 28.8 29.3 29.3 27.9 30.6 30.2 30.4 29.6 30.3 29.2 31.2
"10" "2000_10" 28.4 28.1 28.8 28 28.15 27.7 25.6 24.9 27.8 24.9 27.4 25.9 25.75 28.2
"11" "2000_11" 29.4 29.15 28.6 27.6 27.75 28.2 27.4 30.1 25.3 29.9 26.4 30.7 28 29.8
"12" "2000_12" 30.5 24.1 27.95 29.3 27.65 29.5 27 30.8 24.6 31.1 26.2 31.2 30.3 26.5
"13" "2001_01" 27.4 27.1 24.8 26.7 26.15 27.3 27.9 26.3 26.9 25.2 27.6 29.65 27.55 27.6
"14" "2001_02" 28.8 26.8 27.1 25.4 25 27.7 26.6 24.9 25.7 25.3 26.7 25.75 26.65 27.6
"15" "2001_03" 27.7 24.9 27.5 25.7 25.1 27.4 26.6 28.8 26.2 27 27.5 24.45 28.2 27.1
"16" "2001_04" 27.7 27.75 29 27.6 28.45 27.6 28.3 27.1 26.1 28.2 26.9 25.8 28.45 28.5
"17" "2001_05" 28.3 27.2 26.8 26.9 27.75 25.8 25 26.9 26.5 27.3 28.5 27.8 25.75 25.4
"18" "2001_06" 24.8 27.25 26.7 26.4 27.15 26.8 26.8 27 27.6 29 25.4 29.65 24.45 25.1
"19" "2001_07" 27.4 27.4 28.4 26.2 26.85 27.3 25.9 26.9 27.9 29.4 27.6 27.4 28.6 28.4
"20" "2001_08" 28.9 26.2 27.5 27.8 26.65 26.9 26.2 29.5 26.7 28.4 28 26.1 24.2 26.7
"21" "2001_09" 28.4 28.5 31.4 27.9 28.9 27.2 27.6 29.1 27.9 30.8 28.5 29.95 28.55 29.5
"22" "2001_10" 30.8 29.6 30.9 28.3 30.1 28.2 28 26.1 30.2 31.6 30.4 31.45 29.85 31
"23" "2001_11" 26.7 28.35 28 28.05 27.55 27.7 25.5 26.2 27.5 26 26.8 27.2 28.75 27.3
"24" "2001_12" 30.7 29.1 30.5 30.5 25.5 28 29.4 30.4 25.1 31.9 29.9 32.15 30.1 29
"25" "2002_01" 30 28.5 29 28 29.05 29.4 29.1 27.2 28.3 29.1 26.6 27.4 28.9 29.2
"26" "2002_02" 28.4 27.25 28.8 29.25 27.35 25.3 26.3 29.5 27.3 28.9 26.2 28.9 27.55 26.6
"27" "2002_03" 27.2 28.5 30.1 25.5 28.65 27.3 27 28.5 27.6 28.3 27.7 28.5 25.7 26.4
"28" "2002_04" 27.1 26.75 29.9 29.3 25.1 27.1 27.2 27.8 26.5 29 28.3 28.7 29.95 26.4
"29" "2002_05" 26.6 28.1 29.9 29.15 29.35 24.6 27.8 28.2 27.4 28 29.2 28.05 26.8 25.9
"30" "2002_06" 28 29.05 28.9 27.85 29.25 28.8 28.1 26.3 27.9 27.9 27.6 27.85 28.3 28.9
"31" "2002_07" 28.55 27.8 29.5 28.65 28.05 28.5 26.5 29.7 27.4 29.9 29.3 30.5 27.2 29.5
"32" "2002_08" 28.4 28.1 26.9 27.3 25.7 27.1 26.6 27.2 26.6 28.3 26.9 28.4 29.05 26.4
"33" "2002_09" 28.8 27 25.4 25.75 25.4 25.5 27.7 29.6 25.3 28.2 27.7 30.3 25.3 24.5
"34" "2002_10" 28.7 29.4 31.15 29.7 28.65 28.25 28.3 30.7 29.5 30.4 29.6 31.5 29.55 29.9
"35" "2002_11" 26.9 26.2 28.8 28.75 24.9 28.2 28.4 28.1 27.7 27.4 29.1 30.3 30.15 28.2
"36" "2002_12" 31.1 29.2 29.95 29.8 27.95 29.3 26.8 32.65 26.4 31.4 28.5 31.5 29.45 29.7
"37" "2003_01" 30.1 28.7 28.95 28.3 26.1 27.2 28 28 27.45 27.2 28.4 29.2 29.95 28.7
"38" "2003_02" 29.05 27.65 28.8 28.25 27.05 28.75 26.5 25.3 28.05 27.1 28 26.4 26.9 28.4
"39" "2003_03" 27.55 25.8 28.15 27.2 25.3 25.5 23.1 25.3 27.45 27.9 28.8 26.7 25.3 27.1
"40" "2003_04" 28.45 28 28.75 28.25 28.55 28.35 25.85 28.5 27.8 27.9 27.7 27.35 29.25 29.6
"41" "2003_05" 25.65 27.8 27.7 27.15 30 28.15 25.7 28.1 27.5 28.5 28.6 26.05 29 28
"42" "2003_06" 27.8 28.4 29.5 28 27.95 27.65 26.7 29.2 25.3 28.6 26.5 28.8 26.2 28.4
"43" "2003_07" 26.1 25.8 27.6 27.45 23.5 25.4 25.35 30 27.5 26.7 28.1 28.1 25.75 25.5
"44" "2003_08" 26.75 25.45 29.7 28.25 27.7 28.85 26.3 30.1 29.2 30.3 28.2 28.25 27.6 27.6
"45" "2003_09" 27.3 28.6 29.9 27 26.6 28.75 26.45 28.1 26.6 28.3 27 28.15 28.75 28.5
"46" "2003_10" 26.3 26.9 28.9 30.25 28.25 28.15 26.3 31.4 28 30.05 28.9 30.8 27.15 28.9
"47" "2003_11" 29.5 28.7 30.6 28.5 24.5 28.35 27.75 31.6 27.75 29.95 28.5 30.75 30.3 30.6
"48" "2003_12" 30.9 28.7 30.2 27 27.85 28.75 27.05 31.2 29 29.25 29.4 29.35 29.95 30.8
"49" "2004_01" 27.8 27.35 27.95 27.5 29.05 27.9 27 28.3 29.3 28.75 28.6 28.1 27.1 28.05
"50" "2004_02" 30.6 27.55 27.75 30.5 27.525 30 29.05 30.3 28.1 30.45 29.3 27.95 27.9 30.4
"51" "2004_03" 29.2 29.2 28.85 28.8 29.15 28.35 26.7 28.9 28.8 29.25 26.9 27.825 30.8 28.1
"52" "2004_04" 29.45 29.5 30.65 28.25 28.75 28.1 27 29.3 29.7 29.95 29.4 27.8 30.2 31.05
"53" "2004_05" 26.8 26.65 30.1 27.75 27.5 26.2 27 29.5 28.1 29.65 30.1 28.25 27.2 29.6
"54" "2004_06" 26.7 26 28.65 26.5 24.25 26.8 26.35 28.3 28.1 28.15 27 28.7 28.5 27.3
"55" "2004_07" 27.25 27.3 28.875 28.15 27.55 25.9 27.05 28.4 28.05 28.1 30 29.05 28.05 27.9
"56" "2004_08" 25.25 26.6 29.7 27.9 25.25 27.95 25.65 28.6 27.1 29.35 28.3 30.55 27 28.2
"57" "2004_09" 28.7 29.15 27.1 27 28.5 27.65 27.5 27.4 27.6 29.65 27.9 31.15 28.05 30.1
"58" "2004_10" 26 26.6 27.2 25.35 26.7 28.35 27.2 27.9 29 27.35 27.8 31.4 27.55 29.4
"59" "2004_11" 29.4 24.95 31.3 27.5 27.85 27.6 27.05 30.4 26.6 30.65 29.9 30.8 26.8 29.4
"60" "2004_12" 28.05 27.75 27.9 29.4 26.95 27.35 27 30.9 28.6 29.65 29.4 29.35 27.9 28.2
"61" "2005_01" 27.8 28.9 27.2 26.7 27.35 27.65 27.4 29 26 30.15 29.5 28.1 27.1 27.55
"62" "2005_02" 28.65 25 29.6 27.25 27.15 27 24.5 28.6 27.45 29.25 27.4 27.95 28.6 29.1
"63" "2005_03" 25.7 27.4 26.95 26.25 28.45 26.1 28.5 28.1 29.25 26.85 29.2 27.825 30.05 26.9
"64" "2005_04" 27.4 27 30.65 29.5 26.7 28.95 26.5 29.4 27.3 29.95 30.1 27.8 30.05 29.1
"65" "2005_05" 27.7 26.75 27.75 27.5 25.95 28.55 27.7 27.3 27.4 28 28.6 28.25 27.4 28
"66" "2005_06" 27.85 26 29.1 27.9 27.1 27.35 24.1 29.1 26.95 29.25 28.75 28.7 26.1 29.7
"67" "2005_07" 28.4 27.8 28.875 29.8 29.2 27.55 26.05 28.8 28.05 29.6 30.5 29.05 25.25 28.2
"68" "2005_08" 28.95 26.9 30.7 29.45 28.5 28.55 27.6 29.9 27.6 31.2 29.2 30.35 28.85 28.2
"69" "2005_09" 31 30.3 33 30.55 29.5 30.15 28.85 31.2 33.2 33.1 31.4 30.1 29.4 31.8
"70" "2005_10" 30.75 32.4 32.9 31.2 30.8 27 27.125 30.3 32.5 31.7 31.1 32.1 32.15 31.8
"71" "2005_11" 30.9 25.2 31 30.9 27.55 28.85 25.625 32.3 28.9 33.1 30.5 30.85 30.35 29.1
"72" "2005_12" 29.1 28.1 29.6 28.1 27.25 28.75 27.7 30.9 25.1 29.5 29.7 30.75 29.6 29.7
"73" "2006_01" 28.9 29.4 29.8 28.95 28.65 28.85 24.7 28.1 27.7 28 25.4 28.05 28 29
"74" "2006_02" 28.1 26.9 29.15 29.05 27.35 26.8 27.2 26 29 28.8 28.9 26.6 28.3 27.1
"75" "2006_03" 26.6 28.1 28.7 27.65 27.35 27.95 27.5 27.2 24.5 27.65 25.6 27.3 30.4 27.7
"76" "2006_04" 30.6 25.1 27 27.35 25.2 28.45 27.9 27.4 24.5 28.95 27.5 29.05 28.4 27.7
"77" "2006_05" 26.3 25.4 28.45 25.8 25.9 28.45 26.15 26.5 27.1 27.5 27.2 28.55 26.55 29.1
"78" "2006_06" 27.95 25.45 28.4 28.4 25.5 28.35 25.875 28 27.1 27.9 29.2 29.7 28.55 28.1
"79" "2006_07" 28.9 27.1 28.875 29.3 27.45 28.15 27.65 28 30.6 30.5 28.9 29 28.3 28.9
"80" "2006_08" 25.3 24.8 29.7 28.3 24.1 26.7 25.9 27.9 27.3 28.05 28.7 28.35 27.65 27.4
"81" "2006_09" 30.3 29.3 29.775 30.1 28.25 29.25 27.65 30.9 30.9 32.7 30.3 31.55 30.2 29.7
"82" "2006_10" 27.6 29.2 30.1 30.25 28.95 27.85 27.125 28.1 30.3 32.5 30 30.65 25.4 30.3
"83" "2006_11" 30.05 28.35 26.8 26.1 28.15 27.45 28 25.9 26.6 25.95 26.3 28.45 28.8 27.05
"84" "2006_12" 27.6 28.3 24.3 25.2 27.75 25.3 24.55 27.6 28.2 26.3 25.3 30.45 27.7 28.75
"85" "2007_01" 29.9 26.6 28.7 28.6 26.4 29.5 27.8 25.55 29.3 27.3 27.9 28.9 27.1 28.85
"86" "2007_02" 30.7 28.9 29.3 28.4 28.45 29.85 27.95 27.3 28.2 28 27.2 27.75 30.7 29.65
"87" "2007_03" 28 28.7 29.6 26.2 26.4 27.45 28.85 25.75 26.3 27.4 27.7 27.9 31 28.65
"88" "2007_04" 26.7 27.75 29.1 29.45 25.3 28.1 27.9 28.3 28 27.1 28.4 28 28.35 28.55
"89" "2007_05" 27.7 28.65 27.95 28.1 26.55 26.7 26.9 28.6 27.4 28.6 28.4 27.95 28.85 28.45
"90" "2007_06" 28.25 24.75 26.65 28.2 22 25.25 25.8 27 26.1 29.3 27.5 26.85 28.7 25.8
"91" "2007_07" 27.65 27.45 30.75 29.3 25.45 28.65 24.25 27.8 28.6 28.2 29.5 29.45 26.05 31.15
"92" "2007_08" 28 27.9 29.3 28.05 26.55 29.35 26.45 28.4 28.5 28.8 28.2 29.05 27.6 28.35
"93" "2007_09" 28 27.8 28.2 27.55 26.95 27.15 26.3 26.7 28.6 27.1 27.3 28.8 26.6 27.55
"94" "2007_10" 29.2 27.25 26.5 27.5 28.45 28.55 27.575 30.5 30.7 30.6 30.5 31.15 24 29.25
"95" "2007_11" 27.8 30 27.45 28.15 29.65 29.65 28.65 28.8 28.8 28.55 27.2 28.35 29.8 29.05
"96" "2007_12" 26 26.75 27.1 28 27.95 28.35 28.05 28.7 24.2 25 27.4 28.85 28.5 26.95
"97" "2008_01" 27.25 27.95 24.1 28.55 26 27.2 26.95 25.6 24.6 25.5 27 25.3 25.3 25.3
"98" "2008_02" 28.1 28.3 26.85 26.95 28.95 30.05 27.9 27.4 27.15 27.9 25.7 27.35 28.2 28.55
"99" "2008_03" 28.1 28.05 26.2 26.6 27.55 28.1 27.5 24.8 26.05 26.2 26.4 24.6 26.6 27.45
"100" "2008_04" 29.55 27.2 29.15 28.4 27.75 29.05 29.15 26.9 28.05 28.1 27.7 27.05 30.25 29.45
"101" "2008_05" 24.9 25.85 27.5 26.4 28.15 27.55 26.65 27.3 26.95 26.8 25.9 29 26.5 28.35
"102" "2008_06" 27.65 21.95 24.3 25 20.9 25.9 23.7 24.35 20.35 25.9 23.6 24.25 24.5 24.5
"103" "2008_07" 28.1 27.75 28.6 28.4 26.35 28.6 26.55 29.6 26.95 30 29.4 30.15 24.3 29.15
"104" "2008_08" 29 28.15 31.25 28.1 27.65 28.85 26 29.8 29.05 30.9 30.4 29.8 27.8 28.85
"105" "2008_09" 27.2 29.2 26.5 28.7 28.5 27.75 25.8 29.3 24.85 30.1 28.5 29.85 26.35 26.65
"106" "2008_10" 30.3 28.3 31.05 30.55 29.75 28.65 27.4 31.1 30.95 30.35 31.9 31.85 29.7 30.25
"107" "2008_11" 29 27.4 27.15 25.4 27.3 28.85 26.35 27.4 27.35 29.9 29.3 30.4 28.4 28.65
"108" "2008_12" 28.7 26.45 24.8 24.7 26.95 29.7 27.05 30.7 25.65 25.2 25.7 31.75 27.2 26.45
"109" "2009_01" 27.8 28.4 26.8 27.8 28.25 28.35 27.25 27.3 26.2 27.1 28.6 27.35 26.3 25.4
"110" "2009_02" 27.9 25.35 26.7 26.95 26.3 26.65 26.8 25.2 27.8 26.75 28.2 27.65 27.2 28.15
"111" "2009_03" 28.5 28.2 28.3 27.1 28.65 27.9 27.25 25.2 28.55 28.2 27.6 27.45 28.95 28.55
"112" "2009_04" 30.1 28.1 28.2 26.7 23.1 27.4 27.8 27.5 28.1 25.35 28.1 27.65 29.55 27.6
"113" "2009_05" 28.1 26.8 26.8 26.9 28.15 26.65 25.8 24.4 26.7 27.9 25.2 25.25 26.7 27.55
"114" "2009_06" 27.55 27.35 28.45 27.05 27.35 26.8 27.55 28.8 27.6 26.9 26 27.45 28.65 30.45
"115" "2009_07" 27.5 27.4 27.1 26.6 26.55 27.3 25.75 29.6 28.2 29.8 27 30.2 26.7 29.25
"116" "2009_08" 27.5 28 28.95 27 27.95 27.15 25.55 29.5 28.75 29.7 30.1 30.25 27.55 29.75
"117" "2009_09" 29.2 27.85 28.75 28.7 27.85 29 27.85 29.3 28.6 29.6 28.1 30.5 29.3 29.5
"118" "2009_10" 27.2 28.6 29.55 30.2 27.35 28.1 26.9 30.5 28.5 31.6 30.6 27.65 27.3 29.45
"119" "2009_11" 29.35 29.1 28.2 27.9 28.65 27.55 27.45 28.8 27.45 28.4 28.6 27.9 29.1 28.75
"120" "2009_12" 31.65 28.8 27.4 26.6 26.6 29.6 27.05 32.25 27.7 31.7 28.5 32.05 28.85 26.9
"121" "2010_01" 30.4 29.1 29.8 29.95 29.05 27.45 28.4 27.2 28 28.2 28.7 26.95 29.7 30.65
"122" "2010_02" 28.35 28.6 29.2 28.7 28.65 28.1 27.45 27.4 27.6 28.6 28.9 28.4 29.05 29.25
"123" "2010_03" 28.7 29.7 28.7 29.2 28.05 28.6 27.95 29.6 29.05 28.9 28.5 27.95 29.1 29.15
"124" "2010_04" 26.8 26.55 26.3 25.2 24.8 26.3 27.65 28.2 27 26.8 27.8 26.1 26.6 27.45
"125" "2010_05" 27.1 28.35 26.5 27.3 25.1 28.2 27.8 28.6 28.45 29.6 27.8 28.25 29.15 28.85
"126" "2010_06" 27.75 25 27.6 27.25 21.8 27.4 28.35 28.6 23.6 29.5 27 29.7 28.1 28.75
"127" "2010_07" 28.3 27.85 29 30.2 26.65 28.55 26.15 28.2 28.5 29.2 29.5 28.2 25.25 28.95
"128" "2010_08" 27.9 29.1 30.3 28.4 29.2 28.35 25.05 28.3 29.8 29.2 29.5 29.5 29.75 29.15
"129" "2010_09" 26.7 30.3 31.2 31 28.05 29.1 26.5 31.3 29.8 32.1 31.2 31.05 30.3 28.85
"130" "2010_10" 29.1 30.75 28.9 29.8 29.6 27.85 27.575 31.3 32.1 33.7 31.4 32.3 31.45 31.55
"131" "2010_11" 29.3 28.9 28.5 26.3 28.55 26.65 28.25 31.55 25.05 29.8 26.9 31.95 28.15 27.75
"132" "2010_12" 27.7 27.6 27.5 25.6 27.2 28.6 28.6 29.5 27.55 29.8 26.2 31.4 28.85 28.8
"133" "2011_01" 29.65 29.25 28.8 27.4 28.05 27.3 25.9 27.7 29 29.1 28.1 27.8 29.3 30.9
"134" "2011_02" 25.85 28.6 26.3 25.6 27.85 27.1 27.25 28.2 28.25 28.35 27.6 25.9 28.1 26.65
"135" "2011_03" 27.85 28.05 28.3 27.3 25.3 27.9 27.15 27.7 27.7 28.6 27.5 28.2 27.35 28.9
"136" "2011_04" 25.4 27.65 26.3 25 27.95 26.15 27.3 26.8 25.5 27.4 27.3 27.25 28.65 26.2
"137" "2011_05" 29.9 27.4 28.1 28 26 30.45 28.9 29.9 29.3 29.8 29.9 29.35 23.8 30.6
"138" "2011_06" 27.75 29.1 28.3 28.3 27.65 26 25.75 28.6 28.9 29.5 29.8 29.7 25.2 26.7
"139" "2011_07" 27.2 27.45 29.7 27.4 25.95 26.6 26.25 29.2 28.25 30.4 28.1 28.65 28.8 28.7
"140" "2011_08" 26.65 29.2 31.5 28.9 28.65 28.7 28 29.5 30.1 31.3 30.4 30.8 27.75 30.2
"141" "2011_09" 29.2 27.55 28.1 28.2 27.95 29.1 27.1 29.6 27.8 31.3 26 31.75 30.9 29.8
"142" "2011_10" 31.1 27.6 31.8 29.9 26.25 28.35 27.1 31.4 28.75 32.7 30.4 32.55 29.8 29.3
"143" "2011_11" 26.7 26.45 28.6 24.6 26.2 28.65 27 28.6 27.65 27.25 29.6 28.5 26.95 29.4
"144" "2011_12" 29.95 28.3 31.2 26.7 27.75 29.95 27.45 28.1 28.9 29.15 29 28.1 29.2 30.2
