"Year_Month" "Barcelos" "Benjamin Constant" "Coari" "Codajás" "Eirunepé" "Fonte Boa" "Iaurete" "Itacoatiara" "Lábrea" "Manaus" "Manicoré" "Parintins" "SGC" "Tefé"
"1" "2000_01" 26 24.5 25.8 25.5 25.1 25.3 25.1 24.2 25.2 24.1 24.6 24.85 24.8 26.2
"2" "2000_02" 26.2 25 25.1 24.5 25.5 27.1 25 25.8 24.3 24.6 26.3 25.35 25.95 25
"3" "2000_03" 24.7 25.1 25.2 24.65 24.8 26.9 24.7 25.6 23.7 25.5 26.2 25.1 26.25 26.3
"4" "2000_04" 25.9 23.5 22.8 24.5 25.5 25.9 24.9 24 25.1 24 24.8 24.8 24.15 24.8
"5" "2000_05" 25.1 26.4 25.1 25 25.5 26.2 25.1 26 25.3 24.7 27 25.3 25.5 26.2
"6" "2000_06" 24.6 25.5 25.6 24.3 24.5 25.4 24.4 25.8 24.9 24.6 26.1 24.55 24.75 25.1
"7" "2000_07" 26.4 25.1 25.4 25.3 25.4 24.9 24.4 26 24.4 25.8 25.8 25.5 25 24.05
"8" "2000_08" 24.3 25.3 24.7 23.7 24.7 25.5 24.4 24.3 23.9 22.6 25.4 24.75 24.8 24.2
"9" "2000_09" 25.9 26.1 26.3 25.2 25.5 26.5 26.1 26.5 26.4 26.2 26.7 25.8 26.1 27
"10" "2000_10" 25.4 25.75 25.6 24.9 25.3 25.5 24.6 24 24.4 24.2 25.3 24.3 24 25.3
"11" "2000_11" 26.5 26.65 25.7 24.6 25.5 26.5 25.6 27 24.7 27.4 25 26.05 25.35 27.05
"12" "2000_12" 26.2 23.5 24.7 26.3 25.7 27.3 25.1 25.9 23.3 26.4 24.7 25.8 25.85 25.65
"13" "2001_01" 24.3 25 23.9 25 24.35 25 25.7 24.7 25 23.9 24.3 25.05 24.5 25
"14" "2001_02" 24.9 25.1 24.4 23.7 23.8 25.3 23.6 24.1 24.3 24.1 25 23.3 24.2 25.1
"15" "2001_03" 24.9 24.1 24.8 23.5 24.2 25.2 24.8 26.3 24.4 24.8 25.5 23.7 25.15 25.1
"16" "2001_04" 24.8 25.7 25 24.2 25.8 25.4 26.2 24.6 24.8 25.8 25.7 24.7 25.05 25.85
"17" "2001_05" 25.4 25.1 25.1 24.5 25.8 24.7 24.5 25.8 25.4 24.9 26.8 25.25 24.7 24.9
"18" "2001_06" 24 25.2 25.2 23.7 24.4 25.6 25.1 26 24.7 26.2 25 26 23.8 24.35
"19" "2001_07" 25.1 25.6 25.2 23 25.2 25.6 24.8 25.9 24.6 26 26.3 25.1 25.8 25.7
"20" "2001_08" 25.4 24.2 24.5 24.5 23.5 25.4 24.3 25.8 23.4 24.95 25.4 24.45 23.25 24.75
"21" "2001_09" 25.4 25.3 25.9 24.3 25.5 26.1 24.35 25.95 24.9 26.2 26.3 25.75 25 26.1
"22" "2001_10" 25.5 24.95 25.9 26 27 26.5 24.1 26.1 26 25.8 27.85 25.05 25.7 27.25
"23" "2001_11" 24 25.35 24.9 24.9 25.2 25.6 23.8 24.35 24.6 23.7 26.1 24.75 26 24.9
"24" "2001_12" 27 25.9 25.8 26.45 24.9 27 25.75 26.1 24.6 26.2 26.8 25.55 25.65 27.1
"25" "2002_01" 26.2 26.1 26.3 24.5 25.9 27 26 25.6 26.1 25.8 25.25 25.5 26.35 26.7
"26" "2002_02" 25.5 24.8 26 26.3 25.5 24.9 24.3 26.15 25.3 25 25.2 25.15 25.35 24.85
"27" "2002_03" 24.8 25.6 25.9 24.8 25.9 25.8 27 25.75 25.4 25.9 25.5 25.45 24.8 25.8
"28" "2002_04" 25.2 24.8 26.2 26.45 24.4 25.6 26.3 25.8 24.5 25.3 25.6 25.3 25.8 25.5
"29" "2002_05" 25.2 25.6 26.6 26.5 27.2 24.4 24.8 25.95 25.5 25.7 25.9 25.35 24.75 24.6
"30" "2002_06" 24.8 25.65 25.3 24.7 26.7 27.2 25.1 24.8 24.5 25.3 24.9 24.95 24.95 25.6
"31" "2002_07" 25.8 24.9 25.8 25.45 25.1 26.7 24.4 26 23.3 25.9 25.4 25.15 24.55 26.1
"32" "2002_08" 24.7 24.6 25.6 24.85 24.3 25.6 23.9 25.6 23 25.4 23.9 24.8 25.5 23.7
"33" "2002_09" 25.9 24.85 24.1 24.1 23.9 24.9 25.5 25.65 23.8 25.3 24.8 25.5 24.55 23.6
"34" "2002_10" 25.5 25.2 26.2 26.2 25.6 26.3 24.7 25.8 25.7 25.3 25.5 25.1 25.1 26
"35" "2002_11" 24.6 24.6 25.6 25.6 24.2 25.1 25.5 24.9 25.2 24.8 25.1 26.05 25.45 25.6
"36" "2002_12" 26.3 25.75 26.2 26.9 26 26.6 24.4 26.1 25.1 26.9 26 25.7 25.85 26.95
"37" "2003_01" 25.6 26.1 25.6 25.7 25.1 26.2 25.1 25.95 25.4 24.6 25.5 25.9 25.85 26.8
"38" "2003_02" 25.05 25.3 25.3 25.95 25.2 26.4 24.65 24.45 24.9 25.2 25.4 24.8 24.8 25.8
"39" "2003_03" 24.7 24.7 25.3 25.2 24.6 24.5 22.8 24.45 24.6 26.2 25.6 25.8 23.8 25.2
"40" "2003_04" 25.5 25.65 25.6 25.4 26.4 26.7 24.5 25.6 25 26.2 24.8 25.85 26.1 26.3
"41" "2003_05" 24.85 25 25.6 25.8 27.4 26.6 24.6 25.65 25.3 25.8 25.4 24.7 26.3 26.25
"42" "2003_06" 25.1 25.55 26.3 25.9 25.5 25.8 24.5 25.8 24.7 25.9 25 26.35 25.3 25.85
"43" "2003_07" 23.75 23.8 25.6 24.75 22.3 24.6 23.55 26.2 24.9 24.8 24.5 26.45 23.85 24.7
"44" "2003_08" 24.7 24.6 25.8 26.2 23.9 26.3 24.25 26.2 24.7 26 24.9 25.7 25 25.3
"45" "2003_09" 24.1 24.7 25.5 24.3 22.7 26 24.1 25.05 23.15 25.7 23.5 25.7 25.2 25.45
"46" "2003_10" 24.7 24.6 26 26.1 25.1 25.9 23.65 26.6 25.25 26.8 25.8 26.9 24.95 25.9
"47" "2003_11" 26.2 25.85 27.85 26.25 23.9 26.4 25.2 26.6 25.4 26.6 25.1 26 26.3 26.9
"48" "2003_12" 26.1 26 26 25.2 25.6 26.5 24.9 26.25 25.5 25.8 26.2 25.75 26.4 26.6
"49" "2004_01" 25.4 25.25 25.2 26 25.3 26.1 24.8 25.7 26 25.3 25.6 25.3 25.5 25.55
"50" "2004_02" 27.3 26.05 26.5 26.65 25.2 26.8 25.85 25.95 25.8 27.3 25.7 25.15 25.85 26.35
"51" "2004_03" 27.25 26.6 26.7 25.7 25.9 26 24.95 25.9 25.9 26.7 25.3 25.35 26.9 26
"52" "2004_04" 25.75 26.55 27.3 26 26 26 25.15 26.25 26.3 27.2 25.8 25.55 26.9 27.1
"53" "2004_05" 24.9 25.05 27 25.9 25.5 25.2 24.85 26.65 25.2 27.3 26.3 25.65 25.6 27.15
"54" "2004_06" 24.15 24.35 25.45 24.05 23.3 25.7 23.65 25.4 24.925 25.8 24.7 25.75 24.6 25.05
"55" "2004_07" 24.5 24.85 25.1 25.15 24.8 24.6 24.3 25.25 24.4 25.7 25.9 25.65 25 25.5
"56" "2004_08" 24 24.3 24.3 24.1 22.2 26.1 23.3 25.45 24.1 25.9 23.9 26.3 24.2 24.45
"57" "2004_09" 25.45 25.25 25.1 25.4 24.8 25.7 24 24.75 25.2 26.3 25.1 26.15 24.5 26.95
"58" "2004_10" 23.9 24.7 24.8 23.6 24.7 25.9 24.25 25 25.55 24.9 24.7 26.1 24.3 25.7
"59" "2004_11" 25.1 24.3 27.7 26.85 25.4 26.5 24.65 26.75 25.3 26.2 26.1 26 25.65 26.35
"60" "2004_12" 25.65 25.35 26.1 26.4 24.3 25.3 24.25 26.55 26.3 26.6 25.7 25.75 25.7 26.2
"61" "2005_01" 24.9 26.4 25 25.1 25.4 25.9 24.5 26 24.7 26.5 26 25.3 25.1 25.25
"62" "2005_02" 25.7 24.4 26.8 25.5 24.9 26.2 23.7 25 25.5 25.8 25.3 25.15 25.3 26.95
"63" "2005_03" 25 26.2 26.1 25.05 26.4 25.3 25.95 25.05 26.8 25.5 26.4 25.35 27.05 25.65
"64" "2005_04" 25.5 25.4 27.65 25.8 24.7 27 24.85 26.35 24.55 26.1 25.8 25.55 25.95 26.6
"65" "2005_05" 25.35 24.475 24.9 24.6 23.6 26.2 25.65 24.9 24.4 25.1 24.9 25.65 25.1 25.65
"66" "2005_06" 25.2 24.35 26.4 25.55 24.7 26.6 23.55 26.1 24.7 25.8 25.3 25.75 25 26.1
"67" "2005_07" 24.7 25.2 25.1 24.7 25.6 26.2 24.7 25.85 24.75 28 26 25.65 24.4 25.65
"68" "2005_08" 25.3 24.85 26.4 23.85 24.8 26.6 24.75 26.5 23.75 27 24.1 27.7 25.25 25.5
"69" "2005_09" 26.6 25.6 26 25.85 26.1 27.8 25.7 26.85 26.05 27.9 25.8 26.45 25.9 26.85
"70" "2005_10" 25.1 26.05 26.4 26.7 25.9 26.6 25.35 26.5 25.65 27.4 25.4 26.85 27.1 27.25
"71" "2005_11" 26.6 24.6 26.4 26.65 24.9 27.3 24.35 26.75 25.5 28.2 25.7 26.9 26.4 26.9
"72" "2005_12" 25.8 25.3 25.8 25.7 25.1 27.2 25.25 26.1 24.2 26.4 25.7 27.1 25.65 26.6
"73" "2006_01" 25.7 25.5 25.5 25.6 26 27.4 24.05 25.2 24.6 25.8 24.4 26.3 25.65 26
"74" "2006_02" 25.9 25.3 25.8 26.2 25.5 26.1 24.8 25.1 25.6 26.7 25.4 25.55 25.05 26.3
"75" "2006_03" 24.85 25.4 24.4 25.65 25.1 26.8 25.15 24.9 24.2 25.95 24.8 25.45 26.25 25.35
"76" "2006_04" 25.5 24.2 25.2 25.3 24.5 27.3 24.65 25.5 24.15 25.35 24.9 26.65 25.65 26.05
"77" "2006_05" 24.95 24.6 25.4 24.1 24.1 26.6 24.25 25.65 25.4 25.6 25.5 25.85 25.55 26.05
"78" "2006_06" 25.2 24.35 25.1 25.7 24.1 26.8 24 25.75 25.1 25.1 25.8 26.2 26.05 25.75
"79" "2006_07" 25.6 24.95 25.1 26.4 24.6 26.4 24.95 26.4 25.6 26.3 25.6 26.35 25.4 26.6
"80" "2006_08" 23.9 22.2 25.4 25.1 21.3 25.3 24 25.6 22.85 24.8 24.3 25.5 24.6 24.5
"81" "2006_09" 26 25.3 25.5 25.8 24.5 26.9 24.55 25.8 25.2 27.3 25.7 26.15 25.4 26.4
"82" "2006_10" 26.1 25.7 25.6 26.65 25.8 25.05 24.925 25.4 25.7 27.1 25.4 26.4 24.65 26.7
"83" "2006_11" 26.5 25.3 25.05 25.1 25.7 26.2 25.15 24.85 24.8 24.5 24.5 26.2 25.9 26.05
"84" "2006_12" 26.05 25.15 23.05 24.45 25.4 24.35 24.1 25.9 25.3 25.6 24.3 27.05 25.65 26.1
"85" "2007_01" 26.2 24.6 25.3 25.9 24.8 26.45 25.25 24.45 25.8 25.4 24.8 26.1 25.75 25.8
"86" "2007_02" 25.65 26.5 25 25.75 25.9 26.4 25.15 25.75 25.6 26.2 25.3 25.65 26.75 25.8
"87" "2007_03" 25 25.6 25.2 24.85 25.4 25.35 25.35 23.95 25.4 25.1 25.1 25.6 25.85 25.55
"88" "2007_04" 25.3 25 25.25 26.2 24.3 25.8 25.25 25.75 25.3 25.2 25.4 25.2 25.1 25.85
"89" "2007_05" 24.9 25.3 25 25.55 24.5 25.4 24.6 25.4 25.9 25.8 25.4 25.85 25.25 25.3
"90" "2007_06" 25.85 22.6 24.25 25.5 20.6 23.9 24.3 24.95 23.45 26 25.5 24.75 25.4 24.3
"91" "2007_07" 23.6 24.7 24.4 25.6 22.6 25.9 23.05 25.15 24.3 25.6 24.55 26.25 23.85 24.95
"92" "2007_08" 24.5 24 24.45 24.05 23.2 25.65 24.35 25.25 24.2 25.1 24.2 26.35 24.05 24.75
"93" "2007_09" 25 23.8 25.3 25.3 23.6 24.65 24.35 24.4 24.75 24.5 24.8 25.55 24.55 25
"94" "2007_10" 26.35 24.55 24.8 25.5 25.4 26.3 24.925 26.8 26.15 26.4 25.9 26.25 23.5 26.05
"95" "2007_11" 24.4 25.35 24.4 25.45 26 26.65 25.15 25.05 25.8 25.3 24.6 25.2 25.6 25.9
"96" "2007_12" 24.75 25 24.6 25.45 25.5 26.85 25.15 25.6 23.5 24.45 24.9 26 25.35 25.8
"97" "2008_01" 24.3 25.1 23.6 26.05 24.4 25.9 24.65 23.9 23.8 24.1 24.4 24.4 24.35 24.7
"98" "2008_02" 24.6 25.5 24.4 25.7 25.8 27.55 24.9 25.15 25.8 25.4 24.4 25.45 25.85 25.45
"99" "2008_03" 25.35 25.25 24.1 25 24.9 26.2 24.8 23.95 24.55 24.35 24.1 23.9 24.75 25.25
"100" "2008_04" 25.45 24.8 25.7 25.85 25.9 26.45 25.85 24.7 25.5 24.9 25 24.9 26.05 25.95
"101" "2008_05" 24 24.75 24.9 26.35 25.9 25.5 24.85 25.85 26.2 25.6 24.6 26.45 25.1 26.3
"102" "2008_06" 25.2 21.05 22.5 24 19.3 24.9 23.25 23.95 19.35 24.3 22.1 23.15 24.05 23.4
"103" "2008_07" 25.25 24.3 24.6 25.4 23.3 26.35 24.7 25.8 23.55 25.9 24.6 25.7 23.7 25.55
"104" "2008_08" 25.35 24.9 25.5 25.7 24.8 26.65 24.8 25.75 25.15 27.1 24.2 25.85 25.35 25.6
"105" "2008_09" 25.45 25.5 25.2 26.4 25.1 25.45 24.15 26.1 24.35 26.5 25.5 26.25 24.75 24.55
"106" "2008_10" 27.45 25.3 26.8 26.8 26.6 25.6 25.1 26.4 26.6 26.2 26.4 27.25 25.9 27.35
"107" "2008_11" 25.5 25.2 25 25.2 25.3 26.8 24.5 25.45 24.8 27.7 25.4 26.45 25.5 25.9
"108" "2008_12" 25.8 24.6 23.4 24.25 25.3 25.9 24.9 26.6 23.95 24.3 24.2 26.45 25.6 25.35
"109" "2009_01" 24.6 25.4 25.8 25.45 26 25.65 25.15 25 24.75 24.4 25.5 25.3 24.8 24.3
"110" "2009_02" 25.4 24.15 24.4 25.25 24.2 24.65 24.65 24.3 25.3 24.8 24.9 25.35 24.6 24.95
"111" "2009_03" 25.65 25.4 24.8 24.8 26 25.4 24.8 24.45 25.85 25.6 24.9 25.85 25.45 25
"112" "2009_04" 26.35 25.875 25 25.2 22.9 26 25.55 25.1 26 24.1 25.4 25.6 26 26
"113" "2009_05" 24.95 24.525 24.1 25.05 25.7 24.65 25 23.6 25 25.3 24.4 24.4 25.45 24.4
"114" "2009_06" 25.1 24.9 25.45 25 25.2 24.75 25.65 25.4 25.75 24.4 25 25.3 25.4 26.3
"115" "2009_07" 25.45 24.65 25.1 25.4 23.5 24.9 24.2 25.85 25.65 26 25.1 26.8 24.45 25.3
"116" "2009_08" 25.05 24.8 25.95 25.05 25 24.9 24.1 25.65 25.35 25.8 25.7 27.05 24.7 26.1
"117" "2009_09" 25.35 24.55 25 25.75 24.9 25.65 25.65 25.3 25.05 25.4 24.9 26.4 24.95 25.85
"118" "2009_10" 25.25 25.4 24.6 26.65 24.3 25.9 24.75 25.75 24.9 25.6 25.2 25.05 25.55 26
"119" "2009_11" 25.35 26.5 25.6 26 26.1 25.8 25.15 24.8 25.1 25.4 25.8 25.05 25.95 26.4
"120" "2009_12" 25.85 25.9 25.1 25.5 25.5 26.65 24.9 26.3 26.1 26.4 28.5 26.9 26 25.9
"121" "2010_01" 24.15 25.4 25.5 26.25 25.9 25 24 25.75 25.6 25.4 25.4 25.65 25.55 25.9
"122" "2010_02" 25.8 25.8 25.8 26.45 26.2 25.4 25.6 25.1 26.35 26.1 25.7 26.4 25.75 26.15
"123" "2010_03" 26.05 26.3 26.2 26.25 25.8 25.65 24.9 26.4 26.4 26.5 25.4 26.5 26.25 25.95
"124" "2010_04" 25.35 24.85 24.7 24.3 23.9 24.65 25.45 25.6 25.3 25.3 25.4 25.4 24.7 24.65
"125" "2010_05" 24.95 25.9 24.9 25.75 24.3 26.3 25 25.55 25.75 26.4 25.3 26.1 26.25 26.1
"126" "2010_06" 25.85 24 25.1 25.65 21 25.15 25.1 25.5 23.25 26.1 24.7 26.05 25.7 25.9
"127" "2010_07" 25.55 24.7 24.1 25.75 23.7 24.9 24 25.3 23.5 26 24.2 25.85 24.35 24.8
"128" "2010_08" 25.55 25.6 26.2 26 25.2 25.65 24.05 25.1 25.4 25.3 25.2 26.15 25.95 25.95
"129" "2010_09" 24.95 26.05 25.8 26.5 25.6 25.65 24.35 26.2 25.55 26.1 25.8 26.2 26.95 24.95
"130" "2010_10" 26 26.2 25.8 27.3 25.9 26.15 25.1 26.75 26.2 27.7 26 26.3 26.6 27.1
"131" "2010_11" 26.15 25.15 24.7 25.25 25.9 24.15 25.6 26.25 23.8 26.5 25.5 26.5 25.45 24.6
"132" "2010_12" 25.85 25.45 25 25 25.8 25.9 25.95 26.2 24.7 26.2 24.4 26.9 26.4 25.9
"133" "2011_01" 25.4 25 24.9 25.25 25.9 25.65 25.05 24.8 25.75 25.4 25.5 25.15 26.1 26.4
"134" "2011_02" 24.5 25.8 23.4 24 25.2 24.9 24.65 24.8 24.9 25 25.1 24.5 25.65 24.1
"135" "2011_03" 25.35 25.4 25.2 25 23.6 25.15 25 24.75 24.65 25.5 24.9 24.95 25.15 25.2
"136" "2011_04" 24.8 24.8 25.2 24.75 25.5 24.9 25.35 25.25 24.35 25.7 24.9 25.75 25.5 24.8
"137" "2011_05" 26.6 25.4 24.9 25.8 24.6 26.65 25.25 26.1 26.5 25.7 26.2 26.55 23.9 26.6
"138" "2011_06" 25.45 26.1 25.5 27 24.8 24.9 24.95 25.7 25.05 26 25.5 26.2 24.75 25.2
"139" "2011_07" 25.15 24.7 25.9 25.5 23.5 24.9 24.35 25.5 25.35 25.1 25.2 25.6 25.95 25.3
"140" "2011_08" 25.15 25.6 25.1 25.85 26 25.8 25.15 24.5 25.45 24.7 24.6 26.6 25 24.9
"141" "2011_09" 25.65 24 24.6 25.95 25.1 25.4 24.35 25.6 24.15 25 23.2 26.45 26.3 25.85
"142" "2011_10" 26.4 25.2 26.4 27.7 25.2 25.4 25.25 26.45 26 25.5 26 26.1 25.65 26
"143" "2011_11" 24.5 24.8 25.1 24.25 24 25.4 25.15 24.7 25 24.8 25.7 25.25 25.3 25.3
"144" "2011_12" 26.45 25.95 27.6 26 25.9 26.45 25.45 25.7 25.4 25.2 25.4 25.3 25.8 26.1
