"Year_Month" "Barcelos" "Benjamin Constant" "Coari" "Codajás" "Eirunepé" "Fonte Boa" "Iaurete" "Itacoatiara" "Lábrea" "Manaus" "Manicoré" "Parintins" "SGC" "Tefé"
"1" "2000_01" 0.83 0.815 0.72 0.73 0.77 0.82 0.76 0.735 0.72 0.705 0.815 0.75 0.765 0.835
"2" "2000_02" 0.785 0.85 0.73 0.715 0.775 0.86 0.77 0.75 0.78 0.725 0.81 0.79 0.75 0.715
"3" "2000_03" 0.745 0.835 0.75 0.725 0.8 0.825 0.775 0.76 0.755 0.72 0.8 0.78 0.77 0.74
"4" "2000_04" 0.8 0.815 0.735 0.76 0.8 0.82 0.8 0.755 0.75 0.74 0.82 0.76 0.765 0.77
"5" "2000_05" 0.805 0.86 0.73 0.755 0.775 0.805 0.825 0.765 0.755 0.715 0.825 0.725 0.795 0.825
"6" "2000_06" 0.76 0.8 0.655 0.74 0.79 0.8 0.81 0.74 0.705 0.72 0.77 0.72 0.75 0.685
"7" "2000_07" 0.765 0.76 0.675 0.765 0.735 0.825 0.835 0.765 0.715 0.725 0.775 0.735 0.8 0.73
"8" "2000_08" 0.745 0.73 0.605 0.745 0.76 0.83 0.81 0.67 0.705 0.695 0.785 0.64 0.77 0.695
"9" "2000_09" 0.725 0.735 0.65 0.71 0.755 0.8 0.77 0.7 0.69 0.71 0.74 0.595 0.74 0.665
"10" "2000_10" 0.75 0.75 0.655 0.74 0.79 0.66 0.82 0.715 0.66 0.745 0.75 0.615 0.745 0.745
"11" "2000_11" 0.72 0.76 0.695 0.76 0.775 0.785 0.715 0.73 0.735 0.69 0.755 0.625 0.76 0.695
"12" "2000_12" 0.63 0.795 0.62 0.725 0.76 0.78 0.7 0.67 0.745 0.635 0.77 0.63 0.735 0.675
"13" "2001_01" 0.665 0.82 0.735 0.775 0.795 0.83 0.775 0.74 0.8 0.735 0.775 0.68 0.745 0.765
"14" "2001_02" 0.66 0.845 0.7 0.75 0.805 0.835 0.78 0.74 0.78 0.73 0.79 0.755 0.705 0.775
"15" "2001_03" 0.665 0.805 0.655 0.735 0.775 0.795 0.775 0.73 0.795 0.695 0.795 0.68 0.675 0.695
"16" "2001_04" 0.74 0.825 0.725 0.745 0.765 0.82 0.765 0.77 0.755 0.725 0.825 0.73 0.755 0.75
"17" "2001_05" 0.8 0.85 0.72 0.745 0.785 0.84 0.825 0.755 0.77 0.71 0.88 0.73 0.77 0.78
"18" "2001_06" 0.775 0.815 0.735 0.745 0.77 0.715 0.82 0.75 0.575 0.72 0.87 0.755 0.77 0.745
"19" "2001_07" 0.74 0.815 0.665 0.73 0.78 0.83 0.79 0.76 0.76 0.705 0.84 0.725 0.79 0.745
"20" "2001_08" 0.705 0.775 0.595 0.7 0.765 0.825 0.775 0.685 0.615 0.61 0.72 0.63 0.745 0.645
"21" "2001_09" 0.725 0.775 0.65 0.675 0.76 0.855 0.745 0.67 0.74 0.63 0.749140576658777 0.605 0.74 0.72
"22" "2001_10" 0.645 0.65 0.605 0.68 0.75 0.815 0.705 0.62 0.68 0.555 0.78 0.58 0.65 0.68
"23" "2001_11" 0.68 0.715 0.615 0.705 0.785 0.795 0.725 0.66 0.68 0.625 0.705 0.58 0.65 0.675
"24" "2001_12" 0.715 0.725 0.68 0.71 0.805 0.82 0.765 0.72 0.74 0.655 0.75 0.58 0.64 0.75
"25" "2002_01" 0.69 0.75 0.72 0.73 0.74 0.84 0.7 0.745 0.74 0.68 0.77 0.69 0.69 0.73
"26" "2002_02" 0.62 0.855012495844883 0.685 0.72 0.79 0.825 0.745 0.74 0.77 0.73 0.785 0.812456292460793 0.745 0.795
"27" "2002_03" 0.66 0.77 0.73 0.715 0.79 0.83 0.765 0.78 0.775 0.73 0.725 0.74 0.715 0.795
"28" "2002_04" 0.735 0.73 0.69 0.735 0.805 0.87 0.785 0.76 0.755 0.695 0.735 0.75 0.705 0.735
"29" "2002_05" 0.745 0.775 0.725 0.68 0.78 0.83 0.795 0.755 0.74 0.735 0.745 0.72 0.745 0.79
"30" "2002_06" 0.75 0.735 0.715 0.68 0.785 0.82 0.795 0.735 0.71 0.685 0.705 0.7 0.77 0.7
"31" "2002_07" 0.7 0.745 0.69 0.73 0.79 0.795 0.815 0.695 0.72 0.67 0.66 0.635 0.745 0.705
"32" "2002_08" 0.72 0.675 0.645 0.67 0.72 0.815 0.765 0.675 0.7 0.61 0.635 0.6 0.75 0.72
"33" "2002_09" 0.64 0.67 0.62 0.655 0.755 0.8 0.72 0.64 0.665 0.56 0.605 0.55 0.665 0.685
"34" "2002_10" 0.685 0.69 0.615 0.66 0.76 0.735 0.73 0.56 0.665 0.56 0.585 0.545 0.66 0.69
"35" "2002_11" 0.69 0.715 0.67 0.685 0.795 0.74 0.695 0.61 0.74 0.67 0.64 0.63 0.705 0.72
"36" "2002_12" 0.635 0.745 0.72 0.735 0.775 0.76 0.78 0.595 0.635 0.7 0.72 0.6 0.715 0.735
"37" "2003_01" 0.58 0.735 0.63 0.675 0.775 0.705 0.65 0.635 0.71 0.64 0.715 0.725 0.72 0.635
"38" "2003_02" 0.565 0.765 0.66 0.765 0.79 0.755 0.76 0.745 0.715 0.645 0.705 0.785 0.735 0.71
"39" "2003_03" 0.58 0.755 0.675 0.76 0.75 0.795 0.77 0.755 0.75 0.75 0.755 0.73 0.74 0.725
"40" "2003_04" 0.7 0.78 0.725 0.735 0.77 0.82 0.79 0.735 0.73 0.735 0.745 0.75 0.745 0.72
"41" "2003_05" 0.73 0.73 0.71 0.78 0.785 0.815 0.79 0.755 0.695 0.73 0.715 0.8 0.78 0.78
"42" "2003_06" 0.77 0.75 0.78 0.78 0.81 0.82 0.775 0.71 0.76 0.755 0.745 0.76 0.775 0.785
"43" "2003_07" 0.7 0.77 0.65 0.735 0.755 0.82 0.775 0.67 0.61 0.7 0.61 0.725 0.745 0.7
"44" "2003_08" 0.695 0.715 0.635 0.72 0.715 0.8 0.715 0.67 0.709072939804416 0.71 0.635 0.719488463209107 0.715 0.705
"45" "2003_09" 0.715 0.71 0.675 0.71 0.725 0.78 0.76 0.665 0.63 0.695 0.66 0.685 0.71 0.64
"46" "2003_10" 0.705 0.72 0.665 0.685 0.75 0.79 0.75 0.635 0.6 0.645 0.695 0.66 0.67 0.655
"47" "2003_11" 0.725 0.735 0.65 0.685 0.765 0.76 0.72 0.65 0.68 0.635 0.66 0.697199658250725 0.725 0.665
"48" "2003_12" 0.63 0.73 0.69 0.695 0.75 0.735 0.845579910675403 0.665 0.73 0.695 0.72 0.73536821242767 0.73 0.72
"49" "2004_01" 0.715 0.846621607833304 0.790413788038157 0.78 0.815 0.79 0.845841439996497 0.71 0.775 0.725 0.735 0.792971992000832 0.7 0.822912336472867
"50" "2004_02" 0.72 0.79 0.755 0.745 0.785 0.8 0.72 0.74 0.745 0.75 0.72 0.825896283451424 0.7 0.705
"51" "2004_03" 0.695 0.78 0.755 0.77 0.78 0.825 0.765 0.755 0.745 0.775 0.725 0.82480352139952 0.735 0.76
"52" "2004_04" 0.75 0.8 0.74 0.625 0.775 0.805 0.785 0.745 0.705 0.795 0.73 0.832737127731128 0.72 0.71
"53" "2004_05" 0.775 0.8 0.75 0.775 0.795 0.82 0.765 0.73 0.755 0.8 0.735 0.820877022904652 0.75 0.71
"54" "2004_06" 0.71 0.79 0.74 0.745 0.775 0.84 0.795 0.745 0.78 0.785 0.715 0.792250362340334 0.74 0.735
"55" "2004_07" 0.745 0.795 0.754296076506045 0.73 0.755 0.815 0.79 0.68 0.76115937987932 0.755 0.685 0.773021888801991 0.745 0.705
"56" "2004_08" 0.745 0.745 0.70535072321512 0.69 0.74 0.805 0.765 0.675 0.69 0.655 0.695 0.712888671804755 0.745 0.75
"57" "2004_09" 0.7 0.73 0.69 0.705 0.73 0.73 0.75 0.695 0.57 0.66 0.69 0.67485985646521 0.71 0.705
"58" "2004_10" 0.625 0.74 0.65 0.635 0.765 0.795 0.71 0.62 0.764481661017878 0.635 0.66 0.665637070167189 0.665 0.685
"59" "2004_11" 0.745 0.775 0.725 0.7 0.76 0.775 0.755 0.66 0.7 0.595 0.68 0.696530864809555 0.74 0.725
"60" "2004_12" 0.76 0.830674873742001 0.745 0.73 0.76 0.8 0.725 0.695 0.725 0.685 0.73 0.73730650270097 0.755 0.745
"61" "2005_01" 0.72 0.805 0.77 0.58 0.745 0.765 0.73 0.715 0.73 0.675 0.675 0.803125924782649 0.725 0.72
"62" "2005_02" 0.72 0.82 0.782807987899314 0.655 0.78 0.83 0.77 0.830109589346618 0.77 0.7 0.695 0.826868114868958 0.765 0.78
"63" "2005_03" 0.755 0.78 0.795 0.78 0.79 0.77 0.785 0.825 0.765 0.78 0.69 0.818161515023083 0.76 0.715
"64" "2005_04" 0.74 0.805 0.765 0.75 0.785 0.795 0.765 0.76 0.78 0.735 0.7 0.832143410585677 0.74 0.745
"65" "2005_05" 0.72 0.77 0.77 0.685 0.75 0.765 0.79 0.74 0.775 0.72 0.675 0.826210900105967 0.755 0.745
"66" "2005_06" 0.705 0.765 0.68 0.535 0.828041749762137 0.805 0.81 0.735 0.73 0.7 0.773959608321541 0.797075745603403 0.735 0.73
"67" "2005_07" 0.72 0.715 0.63 0.67 0.74 0.81 0.775 0.725 0.71 0.68 0.64 0.720772544309599 0.73 0.68
"68" "2005_08" 0.66 0.66 0.58 0.69 0.7 0.835 0.76 0.68 0.65 0.705 0.62 0.69 0.7 0.67
"69" "2005_09" 0.635 0.645 0.585 0.69 0.715 0.795 0.71 0.665 0.545 0.685 0.585 0.67 0.69 0.65
"70" "2005_10" 0.61 0.635 0.61 0.67 0.71 0.79 0.824158318180503 0.655 0.595 0.71 0.59 0.65 0.66 0.69
"71" "2005_11" 0.715 0.705 0.64 0.72 0.74 0.84 0.76 0.68 0.665 0.73 0.675 0.695 0.735 0.73
"72" "2005_12" 0.705 0.735 0.67 0.74 0.75 0.845 0.73 0.72 0.725 0.805 0.715 0.755 0.72 0.755
"73" "2006_01" 0.745 0.745 0.645 0.7 0.775 0.855 0.79 0.785 0.715 0.785 0.73 0.78 0.745 0.765
"74" "2006_02" 0.7 0.795 0.71 0.675 0.77 0.865 0.75 0.775 0.72 0.765 0.73 0.795 0.75 0.74
"75" "2006_03" 0.685 0.775 0.65 0.765 0.77 0.835 0.77 0.73 0.73 0.765 0.735 0.815 0.72 0.755
"76" "2006_04" 0.67 0.79 0.66 0.655 0.775 0.825 0.775 0.795 0.705 0.77 0.735 0.815 0.73 0.735
"77" "2006_05" 0.75 0.725 0.80297013716142 0.675 0.715 0.815 0.74 0.8 0.67 0.8 0.745 0.815 0.765 0.725
"78" "2006_06" 0.745 0.755 0.778791303131829 0.705 0.76 0.845 0.79 0.74 0.65 0.7 0.67 0.715 0.775 0.69
"79" "2006_07" 0.77 0.725 0.758599924740506 0.615 0.78 0.845 0.795 0.715 0.62 0.68 0.625 0.68 0.78 0.7
"80" "2006_08" 0.735 0.745 0.712367911100168 0.705 0.75 0.82 0.78 0.69 0.655 0.625 0.63 0.695 0.72 0.655
"81" "2006_09" 0.715 0.7 0.615 0.665 0.73 0.72 0.77 0.62 0.57 0.63 0.64 0.625 0.71 0.72
"82" "2006_10" 0.665 0.645 0.59 0.65 0.755 0.77 0.824119769985225 0.61 0.595 0.58 0.61 0.635 0.7 0.72
"83" "2006_11" 0.68 0.75 0.625 0.71 0.775 0.75 0.755 0.665 0.755 0.68 0.69 0.7 0.705 0.69
"84" "2006_12" 0.685 0.765 0.68 0.725 0.8 0.75 0.79 0.645 0.73 0.69 0.72 0.69 0.75 0.725
"85" "2007_01" 0.67 0.765 0.64 0.7 0.765 0.76 0.77 0.735 0.76 0.735 0.725 0.735 0.71 0.705
"86" "2007_02" 0.51 0.74 0.6 0.695 0.75 0.725 0.695 0.675 0.75 0.66 0.705 0.725 0.665 0.63
"87" "2007_03" 0.73 0.785 0.69 0.775 0.815 0.765 0.755 0.77 0.735 0.725 0.73 0.775 0.685 0.765
"88" "2007_04" 0.775 0.775 0.65 0.765 0.82 0.78 0.765 0.745 0.765 0.77 0.735 0.775 0.705 0.73
"89" "2007_05" 0.76 0.765 0.675 0.775 0.805 0.765 0.785 0.73 0.765 0.75 0.725 0.76 0.715 0.76
"90" "2007_06" 0.75 0.735 0.555 0.675 0.775 0.755 0.785 0.64 0.705 0.67 0.6 0.685 0.775 0.695
"91" "2007_07" 0.735 0.72 0.585 0.71 0.745 0.775 0.76 0.655 0.63 0.635 0.665 0.69 0.755 0.66
"92" "2007_08" 0.695 0.71 0.64 0.665 0.775 0.77 0.77 0.695 0.6 0.665 0.575 0.705 0.76 0.68
"93" "2007_09" 0.76 0.685 0.64 0.695 0.72 0.78 0.805 0.65 0.65 0.625 0.675 0.675 0.72 0.665
"94" "2007_10" 0.715 0.715 0.64 0.72 0.76 0.77 0.826945740745151 0.63 0.665 0.65 0.665 0.655 0.725 0.67
"95" "2007_11" 0.665 0.74 0.6 0.675 0.76 0.725 0.75 0.61 0.655 0.64 0.69 0.675 0.695 0.68
"96" "2007_12" 0.715 0.76 0.64 0.755 0.745 0.78 0.775 0.695 0.775 0.75 0.705 0.705 0.71 0.76
"97" "2008_01" 0.645 0.78 0.74 0.755 0.77 0.77 0.78 0.75 0.765 0.68 0.775 0.755 0.73 0.785
"98" "2008_02" 0.67 0.795 0.715 0.775 0.795 0.81 0.75 0.74 0.71 0.725 0.77 0.745 0.745 0.78
"99" "2008_03" 0.68 0.77 0.72 0.765 0.8 0.805 0.78 0.77 0.76 0.76 0.745 0.785 0.72 0.755
"100" "2008_04" 0.635 0.775 0.675 0.795 0.795 0.795 0.78 0.725 0.795 0.715 0.66 0.77 0.735 0.77
"101" "2008_05" 0.77 0.74 0.735 0.785 0.74 0.825 0.79 0.765 0.765 0.74 0.75 0.8 0.755 0.805
"102" "2008_06" 0.785 0.78 0.7 0.785 0.785 0.795 0.825 0.695 0.77 0.72 0.65 0.75 0.765 0.745
"103" "2008_07" 0.73 0.735 0.505 0.73 0.75 0.775 0.81 0.65 0.7 0.665 0.58 0.67 0.735 0.72
"104" "2008_08" 0.75 0.735 0.615 0.795 0.73 0.71 0.795 0.67 0.695 0.63 0.595 0.67 0.735 0.66
"105" "2008_09" 0.815 0.715 0.625 0.695 0.61 0.76 0.78 0.63 0.72 0.675 0.67 0.655 0.72 0.7
"106" "2008_10" 0.705 0.72 0.625 0.72 0.74 0.705 0.775 0.66 0.7 0.722251641214476 0.645 0.695 0.725 0.72
"107" "2008_11" 0.72 0.75 0.59 0.765 0.775 0.72 0.775 0.65 0.715 0.795 0.66 0.675 0.75 0.735
"108" "2008_12" 0.765 0.76 0.74 0.785 0.795 0.74 0.851153096068844 0.71 0.755 0.735 0.725 0.67 0.77 0.72
"109" "2009_01" 0.785 0.78 0.755 0.78 0.785 0.77 0.8 0.715 0.775 0.78 0.74 0.77 0.77 0.785
"110" "2009_02" 0.72 0.77 0.74 0.83 0.79 0.765 0.81 0.775 0.785 0.77 0.765 0.77 0.76 0.755
"111" "2009_03" 0.8 0.81 0.72 0.75 0.81 0.755 0.765 0.68 0.79 0.725 0.755 0.77 0.74 0.73
"112" "2009_04" 0.71 0.821156177353183 0.582 0.755 0.785 0.77 0.8 0.735 0.8 0.75 0.745 0.765 0.73 0.725
"113" "2009_05" 0.745 0.832176466340432 0.71 0.795 0.78 0.74 0.815 0.715 0.765 0.735 0.725 0.785 0.765 0.72
"114" "2009_06" 0.833073481743831 0.822512862533483 0.715 0.74 0.765 0.74 0.845 0.73 0.795 0.725 0.75 0.73 0.74 0.76
"115" "2009_07" 0.76 0.734283454478785 0.66 0.71 0.78 0.775 0.82 0.705 0.77 0.655 0.645 0.705 0.765 0.69
"116" "2009_08" 0.73 0.765972772266191 0.565 0.695 0.74 0.74 0.815 0.62 0.65 0.595 0.64 0.68 0.74 0.66
"117" "2009_09" 0.655 0.71 0.515 0.66 0.735 0.685 0.785 0.545 0.635 0.535 0.625 0.62 0.715 0.704863250433008
"118" "2009_10" 0.62 0.745 0.62 0.695 0.74 0.75 0.775 0.495 0.655 0.54 0.655 0.54 0.715 0.715
"119" "2009_11" 0.62 0.75 0.62 0.725 0.77 0.745 0.828326410466002 0.56 0.735 0.56 0.68 0.615 0.705 0.695
"120" "2009_12" 0.63 0.805 0.685 0.785 0.795 0.75 0.77 0.575 0.78 0.555 0.73 0.625 0.735 0.725
"121" "2010_01" 0.58 0.755 0.7 0.615 0.795 0.74 0.68 0.74 0.755 0.715 0.71 0.73 0.695 0.685
"122" "2010_02" 0.63 0.745 0.725 0.755 0.78 0.755 0.725 0.73 0.735 0.725 0.73 0.77 0.71 0.735
"123" "2010_03" 0.64 0.735 0.64 0.74 0.785 0.745 0.76 0.7 0.685 0.675 0.73 0.705 0.71 0.67
"124" "2010_04" 0.77 0.745 0.715 0.775 0.745 0.76 0.765 0.75 0.75 0.75 0.74 0.785 0.735 0.76
"125" "2010_05" 0.79 0.74 0.695 0.635 0.755 0.775 0.8 0.72 0.715 0.71 0.71 0.715 0.755 0.765
"126" "2010_06" 0.735 0.755 0.655 0.78 0.78 0.78 0.78 0.65 0.7 0.675 0.68 0.655 0.76 0.74
"127" "2010_07" 0.75 0.755 0.58 0.705 0.765 0.745 0.785 0.65 0.69 0.71 0.625 0.695 0.73 0.695
"128" "2010_08" 0.715 0.695 0.615 0.53 0.71 0.74 0.785 0.625 0.62 0.62 0.605 0.645 0.72 0.69
"129" "2010_09" 0.675 0.68 0.58 0.72 0.745 0.68 0.77 0.595 0.605 0.58 0.63 0.61 0.7 0.655
"130" "2010_10" 0.64 0.68 0.615 0.705 0.735 0.725 0.745239737008545 0.605 0.635 0.59 0.66 0.565 0.67 0.65
"131" "2010_11" 0.71 0.735 0.645 0.75 0.73 0.725 0.64 0.615 0.715 0.625 0.685 0.595 0.7 0.7
"132" "2010_12" 0.705 0.755 0.595 0.795 0.73 0.73 0.765 0.675 0.725 0.685 0.695 0.69 0.74 0.69
"133" "2011_01" 0.68 0.75 0.72 0.76 0.765 0.72 0.765 0.685 0.775 0.68 0.77 0.715 0.76 0.675
"134" "2011_02" 0.75 0.78 0.705 0.81 0.815 0.75 0.77 0.715 0.77 0.745 0.75 0.75 0.775 0.725
"135" "2011_03" 0.72 0.78 0.665 0.81 0.815 0.75 0.755 0.73 0.775 0.66 0.74 0.73 0.75 0.68
"136" "2011_04" 0.765 0.755 0.69 0.81 0.805 0.735 0.77 0.72 0.77 0.71 0.71 0.755 0.76 0.725
"137" "2011_05" 0.775 0.78 0.705 0.815 0.79 0.75 0.76 0.73 0.74 0.7 0.68 0.76 0.745 0.735
"138" "2011_06" 0.75 0.765 0.645 0.8 0.77 0.745 0.83 0.7 0.74 0.66 0.65 0.655 0.77 0.72
"139" "2011_07" 0.74 0.77 0.605 0.74 0.77 0.745 0.795 0.675 0.69 0.495 0.66 0.63 0.745 0.665
"140" "2011_08" 0.69 0.71 0.585 0.705 0.725 0.69 0.775 0.655 0.625 0.525 0.61 0.62 0.69 0.62
"141" "2011_09" 0.72 0.735 0.62 0.78 0.73 0.725 0.745 0.675 0.745 0.51 0.66 0.63 0.71 0.685
"142" "2011_10" 0.665 0.755 0.65 0.715 0.765 0.72 0.735 0.595 0.715 0.535 0.71 0.585 0.705 0.695
"143" "2011_11" 0.725 0.755 0.695 0.795 0.74 0.745 0.725 0.655 0.72 0.615 0.71 0.615 0.7 0.725
"144" "2011_12" 0.695 0.83488465211249 0.715 0.74 0.795 0.705 0.74 0.685 0.735 0.63 0.72 0.63 0.76 0.7
